BAD_BLOOD_NORMAL
5
6
7
12 6
8 4
10 5
12 6
11 5
14 7
17 9
18 9
20 10
20 10
22 11
22 11
20 10
22 11
20 10
24 12
25 12
26 13
26 13
28 14
28 14
32 16
24 12
28 14
36 18
42 21
47 23

BAD_BLOOD_HARD
6
6
8
13 6
10 5
16 7
15 7
14 7
20 10
21 11
24 12
23 12
22 12
24 12
24 12
24 13
28 14
22 11
28 14
27 12
30 15
30 15
32 16
30 15
34 17
26 13
33 16
41 21
46 23
51 25

BAD_BLOOD_RIP
6
8
10
20 8
13 7
20 7
21 10
19 9
22 11
27 15
24 12
24 12
24 12
28 14
26 13
26 13
32 16
26 13
28 14
29 15
36 18
36 18
34 16
34 17
46 25
30 15
40 20
52 26
54 27
55 27
